%YAML:1.0
# General sensor definitions.
camera_id: left_cam


# Sensor extrinsics wrt. the body-frame.
T_BS:
  cols: 4
  rows: 4
  data: [ 0.0,  0.0, 1.0, 0.0,
         -1.0,  0.0, 0.0, 0.03,
          0.0, -1.0, 0.0, 0.013,
          0.0,  0.0, 0.0, 1.0]

# Camera specific definitions.
rate_hz: 30
resolution: [1920, 1080]
camera_model: pinhole
intrinsics: [1388.96728515625, 1388.96728515625, 954.34521484375, 531.0472412109375] #fu, fv, cu, cv
distortion_model: radial-tangential
distortion_coefficients: [0.0, 0.0, 0.0, 0.0]
